100
16 -130
284 301
418 72
263 111
-400 -140
440 -53
-390 85
554 239
-506 49
509 -282
-289 24
-6 67
-553 383
40 298
548 -245
-181 151
-162 97
-32 200
-478 -163
129 -24
-88 337
-51 -180
-419 -274
-445 88
-307 224
428 203
412 -263
386 -447
-400 247
276 210
333 191
201 258
390 158
-208 -311
326 107
415 -249
-68 -221
501 -231
-159 -222
-80 -191
-248 260
302 267
-261 -229
291 60
-48 -279
-99 194
15 -347
-89 -258
-204 -210
200 88
-203 -133
307 -79
116 347
-209 294
-154 -298
-331 -112
-301 -144
-158 -177
71 -15
-25 1
279 210
-5 -28
573 -306
484 -241
385 6
398 288
527 -264
-467 -52
266 20
-535 206
16 -103
-264 4
-6 20
-3 -35
-407 18
495 16
-16 -334
-122 -11
-23 -343
-44 144
5 195
-5 -351
25 27
-30 69
-115 -25
46 -163
189 28
-16 237
-284 1
11 -328
358 -28
77 408
-1 -2
148 236
70 -119
72 -21
-316 60
-16 16
-411 44
7 -119
